1002867
1005639
1007823
1009404
1009856
1013179
1015620
1021036
1027085
1027294
1028505
1029390
1029776
1031414
1035858
1041530
1045434
1049030
1053871
1058551
1062220
1066522
1066648
1066767
1067343
1068169
1071514
1073952
1073996
1074828
1075113
1084750
1085234
1085468
1095208
1097104
1098180
1098605
1098634
1101252
1102129
1102445
1105148
1108131
1108642
1109779
1112518
1115111
1116393
1122248
1124627
1129323
1129523
1133939
1134074
1137606
1138505
1139243
1144476
1146503
1157735
1165660
1166425
1168042
1168914
1173628
1176338
1178618
1179983
1185077
1186453
1192519
1194123
1197142
1201815
1202023
1203950
1206548
1208494
1223204
1224250
1225426
1227497
1228058
1232746
1234270
1234318
1238368
1240272
1247012
1256457
1260448
1268034
1273536
1274881
1281719
1282270
1284537
1286932
1289729
1292232
1294425
1295971
1297159
1300479
1308563
1315318
1315625
1318684
1320361
1322081
1322614
1323643
1326638
1327350
1328818
1330771
1337564
1344909
1346485
1348870
1350943
1353271
1353453
1354128
1354464
1361018
1363100
1364873
1365861
1369340
1370341
1370857
1373397
1374579
1379675
1385312
1392454
1392742
1394231
1398947
1399026
1400164
1410400
1413908
1417937
1421197
1422805
1423770
1427169
1429007
1434029
1442274
1443107
1444673
1447487
1450308
1452327
1452994
1454075
1454713
1464647
1465628
1470027
1475480
1477893
1482286
1483081
1484553
1486229
1488119
1501992
1508620
1515604
1516498
1517111
1522800
1523786
1525834
1527083
1534710
1537149
1538846
1545231
1548723
1553666
1561454
1563789
1567711
1568777
1569173
1578908
1579902
1580630
1581950
1583796
1583812
1588250
1588964
1595195
1599410
1599507
1601254
1603086
1609558
1609698
1611606
1616997
1618986
1620867
1622571
1624761
1631117
1636043
1638703
1638919
1642201
1652924
1656657
1660582
1664978
1665193
1666159
1667927
1668124
1668529
1668584
1671316
1671814
1673109
1681852
1682186
1685808
1690426
1695837
1696366
1698287
1699208
1700830
1702323
1703637
1708002
1708413
1710505
1710636
1714341
1715038
1715358
1721551
1722508
1723360
1733240
1735742
1738541
1741864
1743130
1746739
1747208
1750516
1751199
1755721
1755843
1756189
1757718
1763095
1765752
1770133
1770296
1771965
1773240
1773750
1775694
1780407
1782049
1782798
1788500
1788608
1791632
1804217
1806299
1811683
1812105
1817290
1821035
1827723
1827761
1828498
1829617
1833468
1834084
1835001
1836357
1840439
1846826
1849331
1852268
1854368
1865054
1866166
1867128
1867357
1868463
1876194
1883194
1883568
1884916
1886185
1886325
1887783
1887789
1894887
1896185
1896309
1897412
1900734
1902658
1903803
1904144
1905774
1908226
1911646
1920459
1920585
1929319
1931029
1931114
1936185
1937641
1941866
1952013
1952579
1955321
1955721
1959699
1960918
1962175
1962761
1964056
1966933
1968453
1975327
1980518
1985543
1988148
1988534
1988935
1995171
2000100
2002988
2007358
2009094
2012013
2014715
2014944
2017032
2028227
2030852
2032772
2036732
2037566
2042596
2050011
2050741
2051346
2053736
2058401
2059468
2059529
2060317
2064122
2064276
2065033
2069864
2070076
2071665
2075786
2080148
2080991
2081656
2083132
2086672
2087383
2090560
2103996
2108482
2111660
2115548
2115563
2116010
2116467
2116607
2117622
2123133
2124174
2124273
2126232
2126588
2127352
2128145
2129226
2131431
2139134
2140454
2140960
2142549
2143366
2145815
2145997
2146598
2148930
2149558
2151032
2156455
2159212
2159438
2165787
2167590
2169603
2171095
2176325
2180861
2181130
2181292
2183949
2188460
2188908
2189496
2191038
2191320
2193848
2196143
2197904
2201932
2208819
2209199
2209473
2209843
2216756
2217973
2218118
2220115
2220284
2221828
2224335
2225874
2229804
2235048
2236690
2237474
2239530
2242351
2243674
2245095
2247636
2248266
2249000
2251481
2251998
2256597
2262723
2263952
2265291
2266555
2272561
2275712
2289479
2295527
2299854
2301647
2301687
2307962
2310522
2312233
2314213
2319354
2321199
2325916
2332148
2332742
2333085
2339728
2347050
2352232
2354985
2356467
2356999
2357247
2358887
2359743
2360557
2362692
2367508
2368294
2369355
2370006
2371047
2371170
2376318
2381167
2381242
2382091
2382797
2383056
2383851
2387661
2388751
2392598
2395204
2395721
2399814
2400687
2403917
2404591
2406161
2408689
2409959
2410367
2412987
2419141
2421678
2424388
2425122
2425662
2427324
2428645
2429191
2436056
2436645
2440446
2440596
2441636
2445398
2445407
2449723
2454325
2458889
2460512
2462572
2466032
2467487
2470929
2472828
2475408
2477521
2479911
2480414
2481324
2482938
2483752
2489947
2493339
2493575
2494912
2496130
2496710
2497511
2497982
2501210
2502698
2508679
2511400
2511429
2514603
2516572
2520126
2522140
2522809
2526829
2526840
2527240
2531098
2535257
2536401
2537839
2539200
2539535
2542883
2543809
2550021
2550576
2550752
2552081
2552509
2552850
2553107
2554462
2559273
2561007
2564457
2568209
2568577
2570632
2577576
2580428
2582792
2584163
2590292
2590706
2591877
2593475
2594132
2595883
2597810
2600606
2601912
2607425
2608118
2610344
2615830
2615913
2618783
2620389
2621016
2622365
2622993
2627461
2636120
2640483
2647986
2650422
2651374
2653435
2654737
2658563
2660896
2668141
2670321
2675532
2677449
2678169
2678574
2679451
2681017
2682348
2682608
2682746
2684516
2689382
2690686
2691158
2693989
2695524
2701290
2702081
2705121
2710359
2711879
2718367
2721033
2723883
2726297
2729748
2730157
2730999
2733620
2738514
2749999
2751372
2753468
2757008
2758135
2760946
2764726
2766576
2766606
2770354
2771224
2771437
2771970
2772856
2773243
2773537
2776665
2781287
2781601
2786141
2788838
2788968
2789383
2790899
2791114
2794498
2794622
2800968
2800977
2801034
2803209
2803241
2803643
2804853
2805557
2809815
2811441
2812632
2813478
2813547
2822611
2825450
2829584
2830227
2830745
2831246
2832166
2833796
2836333
2840951
2842563
2846577
2846962
2855979
2860703
2863391
2863747
2863862
2865486
2865717
2868054
2869593
2873998
2878374
2878973
2880070
2880840
2882409
2883516
2887552
2887976
2887999
2888324
2890081
2891502
2891576
2893432
2897997
2898976
2899476
2901024
2903242
2910600
2916186
2918084
2919114
2920995
2923723
2926949
2930441
2932791
2933532
2934316
2938282
2943601
2944449
2945198
2945456
2954283
2956139
2958210
2958981
2959985
2960522
2962246
2969546
2970961
2972344
2975201
2981187
2982047
2984955
2988640
2989662
2994306
2995146
2996573