1002603
1003574
1004502
1006637
1028102
1030400
1030943
1034914
1038105
1050325
1052879
1063069
1063073
1068152
1072620
1076589
1079854
1086219
1089267
1101829
1105115
1129899
1136617
1136770
1138841
1139166
1149244
1156063
1163558
1164815
1169320
1180858
1183223
1183818
1192090
1192637
1202296
1220041
1221733
1243537
1254724
1255536
1279102
1295738
1301273
1301328
1317495
1327085
1327659
1335760
1337378
1344978
1347106
1354265
1355055
1356379
1356529
1363712
1364918
1369305
1377360
1377539
1382942
1403997
1408675
1421230
1425383
1435087
1436962
1451509
1452192
1454865
1463775
1474710
1480991
1485621
1490937
1509036
1531776
1532215
1553541
1556297
1568146
1607439
1609343
1610034
1628173
1636307
1648581
1661380
1669522
1670989
1691516
1700006
1703846
1707186
1708868
1722066
1725585
1730951
1756508
1770220
1772249
1777141
1781728
1789020
1791997
1795070
1815022
1815563
1816501
1819445
1836026
1852649
1882255
1896934
1897448
1902736
1906060
1942060
1943228
1948708
1951446
1953759
1961627
1968052
1980306
2029246
2052791
2063503
2064180
2082473
2085388
2098595
2110250
2111450
2117407
2127139
2140359
2145403
2151929
2152580
2167341
2212042
2213956
2224949
2230467
2233440
2240739
2241695
2246806
2251502
2271306
2271513
2280128
2294899
2298270
2307927
2326500
2327647
2329269
2331194
2338564
2342679
2352525
2367143
2368502
2373003
2378950
2380637
2386741
2402945
2407768
2420975
2428298
2429146
2431794
2432060
2458004
2460945
2471471
2484180
2518132
2526844
2530638
2535792
2540548
2544510
2547535
2607058
2607229
2608391
2674090
2685031
2722184
2734941
2739210
2745435
2749655
2750205
2761488
2776731
2813744
2814777
2815290
2834490
2834677
2835744
2841710
2845888
2846714
2846723
2849336
2853629
2863613
2930238
2936700
2941243
2944383
2945144
2966470
2984959
2989538
2990643
2993457